92,20
92,19
92,18
92,17
92,16
92,15
92,14
92,13
92,12
92,11
92,10
92,9
0,539
101,3
101,2
101,1
101,0
100,3
100,2
100,1
100,0
99,3
99,2
99,1
99,0
98,3
98,2
98,1
98,0
97,5
0,538
97,4
97,3
97,2
97,1
97,0
96,4
96,3
96,2
96,1
96,0
95,3
95,2
95,1
95,0
94,5
94,4
94,3
94,2
94,1
94,0
93,5
93,4
93,3
93,2
93,1
93,0
92,8
92,7
92,6
92,5
92,4
92,3
92,2
92,1
92,0
91,4
91,3
91,2
91,1
91,0
90,4
90,3
90,2
90,1
90,0
89,3
89,2
89,1
89,0
88,3
88,2
88,1
88,0
0,537
87,3
87,2
87,1
87,0
0,536
0,535
86,3
86,2
86,1
86,0
85,3
85,2
85,1
85,0
84,5
84,4
84,3
84,2
84,1
84,0
83,4
83,3
83,2
83,1
83,0
82,3
82,2
82,1
82,0
81,5
81,4
81,3
81,2
81,1
81,0
80,5
80,4
80,3
80,2
80,1
80,0
79,8
79,7
79,6
79,5
0,534
79,4
79,3
79,2
79,1
79,0
0,533
78,4
78,3
78,2
78,1
78,0
77,4
0,532
0,531
77,3
77,2
77,1
77,0
76,3
76,2
0,530
76,1
76,0
0,529
75,3
75,2
75,1
75,0
65,15
0,528
74,4
74,3
74,2
74,1
74,0
73,3
73,2
73,1
73,0
0,527
65,14
0,526
65,13
65,12
65,11
0,525
65,10
65,9
72,3
72,2
72,1
72,0
71,3
71,2
71,1
71,0
0,524
70,5
70,4
0,523
70,3
70,2
70,1
70,0
69,4
69,3
69,2
69,1
69,0
0,522
68,3
68,2
68,1
68,0
67,5
67,4
67,3
67,2
67,1
67,0
66,5
